0010000100000000
0010000100000001
0010000100000010
0010000100000011
0010000100000100
0010000100000101
0010000100000110
0010000100000111
0010000100001000
0010000100001001
0010000100001010
0010000100001011
0010000100001100
0010000100001101
0010000100001110
0010000100001111
0010000100010000
0010000100010001
0010000100010010
0010000100010011
0010000100010100
0010000100010101
0010000100010110
0010000100010111
0010000100011000
0010000100011001
0010000100011010
0010000100011011
0010000100011100
0010000100011101
0010000100011110
0010000100011111
0010000100100000
0010000100100001
0010000100100010
0010000100100011
0010000100100100
0010000100100101
0010000100100110
0010000100100111
0010000100101000
0010000100101001
0010000100101010
0010000100101011
0010000100101100
0010000100101101
0010000100101110
0010000100101111
0010000100110000
0010000100110001
0010000100110010
0010000100110011
0010000100110100
0010000100110101
0010000100110110
0010000100110111
0010000100111000
0010000100111001
0010000100111010
0010000100111011
0010000100111100
0010000100111101
0010000100111110
0010000100111111
0010000101000000
0010000101000001
0010000101000010
0010000101000011
0010000101000100
0010000101000101
0010000101000110
0010000101000111
0010000101001000
0010000101001001
0010000101001010
0010000101001011
0010000101001100
0010000101001101
0010000101001110
0010000101001111
0010000101010000
0010000101010001
0010000101010010
0010000101010011
0010000101010100
0010000101010101
0010000101010110
0010000101010111
0010000101011000
0010000101011001
0010000101011010
0010000101011011
0010000101011100
0010000101011101
0010000101011110
0010000101011111
0010000101100000
0010000101100001
0010000101100010
0010000101100011
0010000101100100
0010000101100101
0010000101100110
0010000101100111
0010000101101000
0010000101101001
0010000101101010
0010000101101011
0010000101101100
0010000101101101
0010000101101110
0010000101101111
0010000101110000
0010000101110001
0010000101110010
0010000101110011
0010000101110100
0010000101110101
0010000101110110
0010000101110111
0010000101111000
0010000101111001
0010000101111010
0010000101111011
0010000101111100
0010000101111101
0010000101111110
0010000101111111
0010000110000000
0010000110000001
0010000110000010
0010000110000011
0010000110000100
0010000110000101
0010000110000110
0010000110000111
0010000110001000
0010000110001001
0010000110001010
0010000110001011
0010000110001100
0010000110001101
0010000110001110
0010000110001111
0010000110010000
0010000110010001
0010000110010010
0010000110010011
0010000110010100
0010000110010101
0010000110010110
0010000110010111
0010000110011000
0010000110011001
0010000110011010
0010000110011011
0010000110011100
0010000110011101
0010000110011110
0010000110011111
0010000110100000
0010000110100001
0010000110100010
0010000110100011
0010000110100100
0010000110100101
0010000110100110
0010000110100111
0010000110101000
0010000110101001
0010000110101010
0010000110101011
0010000110101100
0010000110101101
0010000110101110
0010000110101111
0010000110110000
0010000110110001
0010000110110010
0010000110110011
0010000110110100
0010000110110101
0010000110110110
0010000110110111
0010000110111000
0010000110111001
0010000110111010
0010000110111011
0010000110111100
0010000110111101
0010000110111110
0010000110111111
0010000111000000
0010000111000001
0010000111000010
0010000111000011
0010000111000100
0010000111000101
0010000111000110
0010000111000111
0010000111001000
0010000111001001
0010000111001010
0010000111001011
0010000111001100
0010000111001101
0010000111001110
0010000111001111
0010000111010000
0010000111010001
0010000111010010
0010000111010011
0010000111010100
0010000111010101
0010000111010110
0010000111010111
0010000111011000
0010000111011001
0010000111011010
0010000111011011
0010000111011100
0010000111011101
0010000111011110
0010000111011111
0010000111100000
0010000111100001
0010000111100010
0010000111100011
0010000111100100
0010000111100101
0010000111100110
0010000111100111
0010000111101000
0010000111101001
0010000111101010
0010000111101011
0010000111101100
0010000111101101
0010000111101110
0010000111101111
0010000111110000
0010000111110001
0010000111110010
0010000111110011
0010000111110100
0010000111110101
0010000111110110
0010000111110111
0010000111111000
0010000111111001
0010000111111010
0010000111111011
0010000111111100
0010000111111101
0010000111111110
0010000111111111
