00100000000000000000000000101001
00100000000000010100100000100011
00100000000000100001100010111110
00100000000000110110011110000100
00100000000001000100101011100001
00100000000001010011110101101100
00100000000001100010110011010110
00100000000001110111001010101110
00100000000010000110100101010010
00100000000010010101111110010000
00100000000010100001011001001001
00100000000010110110110111110001
00100000000011000101101011110001
00100000000011010100000110111011
00100000000011100010011011101001
00100000000011110000000111101011
00100000000100000000101110110011
00100000000100010010111010100110
00100000000100100001001011011011
00100000000100110001010100111100
00100000000101000111111010000111
00100000000101010011100100001100
00100000000101100000111100111110
00100000000101110000000010011001
00100000000110000000000100100100
00100000000110010011000001011110
00100000000110100100010000001101
00100000000110110100100100011100
00100000000111000100110100000110
00100000000111010100110110110111
00100000000111100001010101000111
00100000000111110101010011011110
00100000001000000011100110110011
00100000001000010010110100010010
00100000001000100000011101001101
00100000001000110100110111001000
00100000001001000110010001000011
00100000001001010110011010111011
00100000001001100100001010001011
00100000001001110010011010100110
00100000001010000111000000011111
00100000001010010101110100000011
00100000001010100111101001011010
00100000001010110111011001111101
00100000001011000100010100001001
00100000001011010001001000111000
00100000001011100011101100100101
00100000001011110001111000011111
00100000001100000110111001011101
00100000001100010001101011010100
00100000001100100110001111001011
00100000001100110110101111111100
00100000001101000111111110010110
00100000001101010111111111110101
00100000001101100100111001000101
00100000001101110011001000111011
00100000001110000010001000010011
00100000001110010010011000001101
00100000001110100110101110001001
00100000001110110000001100001010
00100000001111000011000000011100
00100000001111010000101111011011
00100000001111100101011010101110
00100000001111110000011100110010
00100000010000000000000100100000
00100000010000010111010110011010
00100000010000100010001101010000
00100000010000110010001011101110
00100000010001000100101101000000
00100000010001010101100001111000
00100000010001100110101100110110
00100000010001110101110011111101
00100000010010000011111000010010
00100000010010010001101001001001
00100000010010100101111100110010
00100000010010110011101111110110
00100000010011000011101010011110
00100000010011010111100101111101
00100000010011100101111101001001
00100000010011110000110111011100
00100000010100000100110010101101
00100000010100010011000101001111
00100000010100100101111000010100
00100000010100110100110111110010
00100000010101000100100101000100
00100000010101010010111001000000
00100000010101100001001101100110
00100000010101110001110011010000
00100000010110000011011001101011
00100000010110010110011011000100
00100000010110100100001000110000
00100000010110110111111010110111
00100000010111000110000000110010
00100000010111010010110000111011
00100000010111100001010110100001
00100000010111110101010000100010
00100000011000000011111011110110
00100000011000010000100000100010
00100000011000100101100110010001
00100000011000110100000010011101
00100000011001000001001011100001
00100000011001010111100110001011
00100000011001100001001000011111
00100000011001110111001111011010
00100000011010000101100010110000
00100000011010010010011011001010
00100000011010100011011010011001
00100000011010110000100100000010
00100000011011000111101110111001
00100000011011010101011101110010
00100000011011100001001110011101
00100000011011110111000001001001
00100000011100000110100100101100
00100000011100010100101010000000
00100000011100100001100001111110
00100000011100110001011011000101
00100000011101000110100010011001
00100000011101010011110011010101
00100000011101100001001111101001
00100000011101110100000010000000
00100000011110000101110110110010
00100000011110010011001111101010
00100000011110100010001111001001
00100000011110110100100011001100
00100000011111000101011101010011
00100000011111010110000010111111
00100000011111100101110001100111
00100000011111110011110011010110
00100000100000000000111110111111
00100000100000010010111100010100
00100000100000100110101011010110
00100000100000110000010001111110
00100000100001000100001000101101
00100000100001010101010011011100
00100000100001100011011010001110
00100000100001110000110101100110
00100000100010000111100110000011
00100000100010010111010111101111
00100000100010100100011001010111
00100000100010110010110001001001
00100000100011000011110001100001
00100000100011010010111111111111
00100000100011100110110001101001
00100000100011110010100010001111
00100000100100000011101001100001
00100000100100010010001011001101
00100000100100100111110111010001
00100000100100110010011000011110
00100000100101000101111010011101
00100000100101010100100010011100
00100000100101100001100100010110
00100000100101110110000101110010
00100000100110000110101101110010
00100000100110010011001011100110
00100000100110100100000000011101
00100000100110110111000111110000
00100000100111000000001110000100
00100000100111010111111101001111
00100000100111100100100101001010
00100000100111110000011001110111
00100000101000000100010000000010
00100000101000010001100011010111
00100000101000100110101111101000
00100000101000110101000000111001
00100000101001000101010000101100
00100000101001010001100101010011
00100000101001100110101111001011
00100000101001110000111111001001
00100000101010000000111000010010
00100000101010010101111100011110
00100000101010100010100000110011
00100000101010110111100001110100
00100000101011000010010010011110
00100000101011010010101100001100
00100000101011100001000111110100
00100000101011110101110111010101
00100000101100000110101011010100
00100000101100010101101010011111
00100000101100100100110011010100
00100000101100110101111110100100
00100000101101000010000001011001
00100000101101010001001001111110
00100000101101100000000000110101
00100000101101110000011111001111
00100000101110000110011100110010
00100000101110010110110100100010
00100000101110100001101011110100
00100000101110110000111011001100
00100000101111000100011011001111
00100000101111010000000111010011
00100000101111100000111010010000
00100000101111110011101000101101
00100000110000000110000001001000
00100000110000010101011111010011
00100000110000100100010110001111
00100000110000110000100101110101
00100000110001000011011111100110
00100000110001010001100111011001
00100000110001100101100100011101
00100000110001110010010100101010
00100000110010000011011111100101
00100000110010010001110111000000
00100000110010100100100111110111
00100000110010110100010000101011
00100000110011000101000001111000
00100000110011010001010010000001
00100000110011100100000010000111
00100000110011110111101101000100
00100000110100000101100100001110
00100000110100010111011001011111
00100000110100100001100001010000
00100000110100110010101100000000
00100000110101000001011011010100
00100000110101010111111101100001
00100000110101100011101010001101
00100000110101110111111110111110
00100000110110000000110001111011
00100000110110010101000000000101
00100000110110100000110000010101
00100000110110110011100000000111
00100000110111000111011100111011
00100000110111010000011000110011
00100000110111100111001010000010
00100000110111110010010100011111
00100000111000000001110100011000
00100000111000010110001001110000
00100000111000100011010010010010
00100000111000110001100111011010
00100000111001000101000001100100
00100000111001010100110101010100
00100000111001100011100111001110
00100000111001110011101110110001
00100000111010000100110010000101
00100000111010010101000100111110
00100000111010100110110101101001
00100000111010110110101000010101
00100000111011000100111111111000
00100000111011010101110001000110
00100000111011100100100001101010
00100000111011110011000000000100
00100000111100000001011110010110
00100000111100010101111001110011
00100000111100100100011100001110
00100000111100110111001111011001
00100000111101000001111100010110
00100000111101010001100000101111
00100000111101100100110101100111
00100000111101110101100101101000
00100000111110000100101011010100
00100000111110010010110011110111
00100000111110100011111101001010
00100000111110110000101001001010
00100000111111000101111011010000
00100000111111010100111001010111
00100000111111100100111101101000
00100000111111110101100001110110
