0000000000101001
0100100000100011
0001100010111110
0110011110000100
0100101011100001
0011110101101100
0010110011010110
0111001010101110
0110100101010010
0101111110010000
0001011001001001
0110110111110001
0101101011110001
0100000110111011
0010011011101001
0000000111101011
0000101110110011
0010111010100110
0001001011011011
0001010100111100
0111111010000111
0011100100001100
0000111100111110
0000000010011001
0000000100100100
0011000001011110
0100010000001101
0100100100011100
0100110100000110
0100110110110111
0001010101000111
0101010011011110
0011100110110011
0010110100010010
0000011101001101
0100110111001000
0110010001000011
0110011010111011
0100001010001011
0010011010100110
0111000000011111
0101110100000011
0111101001011010
0111011001111101
0100010100001001
0001001000111000
0011101100100101
0001111000011111
0110111001011101
0001101011010100
0110001111001011
0110101111111100
0111111110010110
0111111111110101
0100111001000101
0011001000111011
0010001000010011
0010011000001101
0110101110001001
0000001100001010
0011000000011100
0000101111011011
0101011010101110
0000011100110010
0000000100100000
0111010110011010
0010001101010000
0010001011101110
0100101101000000
0101100001111000
0110101100110110
0101110011111101
0011111000010010
0001101001001001
0101111100110010
0011101111110110
0011101010011110
0111100101111101
0101111101001001
0000110111011100
0100110010101101
0011000101001111
0101111000010100
0100110111110010
0100100101000100
0010111001000000
0001001101100110
0001110011010000
0011011001101011
0110011011000100
0100001000110000
0111111010110111
0110000000110010
0010110000111011
0001010110100001
0101010000100010
0011111011110110
0000100000100010
0101100110010001
0100000010011101
0001001011100001
0111100110001011
0001001000011111
0111001111011010
0101100010110000
0010011011001010
0011011010011001
0000100100000010
0111101110111001
0101011101110010
0001001110011101
0111000001001001
0110100100101100
0100101010000000
0001100001111110
0001011011000101
0110100010011001
0011110011010101
0001001111101001
0100000010000000
0101110110110010
0011001111101010
0010001111001001
0100100011001100
0101011101010011
0110000010111111
0101110001100111
0011110011010110
0000111110111111
0010111100010100
0110101011010110
0000010001111110
0100001000101101
0101010011011100
0011011010001110
0000110101100110
0111100110000011
0111010111101111
0100011001010111
0010110001001001
0011110001100001
0010111111111111
0110110001101001
0010100010001111
0011101001100001
0010001011001101
0111110111010001
0010011000011110
0101111010011101
0100100010011100
0001100100010110
0110000101110010
0110101101110010
0011001011100110
0100000000011101
0111000111110000
0000001110000100
0111111101001111
0100100101001010
0000011001110111
0100010000000010
0001100011010111
0110101111101000
0101000000111001
0101010000101100
0001100101010011
0110101111001011
0000111111001001
0000111000010010
0101111100011110
0010100000110011
0111100001110100
0010010010011110
0010101100001100
0001000111110100
0101110111010101
0110101011010100
0101101010011111
0100110011010100
0101111110100100
0010000001011001
0001001001111110
0000000000110101
0000011111001111
0110011100110010
0110110100100010
0001101011110100
0000111011001100
0100011011001111
0000000111010011
0000111010010000
0011101000101101
0110000001001000
0101011111010011
0100010110001111
0000100101110101
0011011111100110
0001100111011001
0101100100011101
0010010100101010
0011011111100101
0001110111000000
0100100111110111
0100010000101011
0101000001111000
0001010010000001
0100000010000111
0111101101000100
0101100100001110
0111011001011111
0001100001010000
0010101100000000
0001011011010100
0111111101100001
0011101010001101
0111111110111110
0000110001111011
0101000000000101
0000110000010101
0011100000000111
0111011100111011
0000011000110011
0111001010000010
0010010100011111
0001110100011000
0110001001110000
0011010010010010
0001100111011010
0101000001100100
0100110101010100
0011100111001110
0011101110110001
0100110010000101
0101000100111110
0110110101101001
0110101000010101
0100111111111000
0101110001000110
0100100001101010
0011000000000100
0001011110010110
0101111001110011
0100011100001110
0111001111011001
0001111100010110
0001100000101111
0100110101100111
0101100101101000
0100101011010100
0010110011110111
0011111101001010
0000101001001010
0101111011010000
0100111001010111
0100111101101000
0101100001110110
